-380.00000
-380.00000
-241.00000
-380.00000
-241.00000
-98.00000
-241.00000
-98.00000
265.00000
-98.00000
265.00000
380.00000
265.00000
380.00000
380.00000
0.00000
0.00000
37.00000
0.00000
37.00000
380.00000
37.00000
380.00000
380.00000
0.00000
0.00000
0.03159
0.00000
0.03159
0.10000
0.03159
0.10000
0.10000
0.00000
0.00000
0.24441
0.00000
0.24441
1.00000
0.24441
1.00000
1.00000
0.00000
0.00000
608.00000
0.00000
608.00000
1000.00000
608.00000
1000.00000
1000.00000
0.00000
0.00000
926.00000
0.00000
926.00000
1000.00000
926.00000
1000.00000
1000.00000
0.00000
0.00000
0.67699
0.00000
0.67699
1.00000
0.67699
1.00000
1.00000
